<?xml version="1.0" encoding="utf-8"?>
<COLLADA xmlns="http://www.collada.org/2005/11/COLLADASchema" version="1.4.1">
  <asset>
    <contributor>
      <author>Mixamo</author>
      <authoring_tool>COLLADA Mixamo exporter</authoring_tool>
      <comments/>
    </contributor>
    <created>2022-06-14T00:33:16Z</created>
    <modified>2022-06-14T00:33:16Z</modified>
    <revision/>
    <title/>
    <unit meter="0.010000"/>
    <up_axis>Y_UP</up_axis>
  </asset>
  <library_animations>
    <animation id="mixamorig_Hips-anim" name="mixamorig_Hips">
      <source id="mixamorig_Hips-Matrix-animation-input">
        <float_array id="mixamorig_Hips-Matrix-animation-input-array" count="31">

0.000000 0.033333 0.066667 0.100000 0.133333 0.166667 0.200000 0.233333 0.266667 0.300000 0.333333 0.366667 0.400000 0.433333 0.466667 0.500000
0.533333 0.566667 0.600000 0.633333 0.666667 0.700000 0.733333 0.766667 0.800000 0.833333 0.866667 0.900000 0.933333 0.966667 1.000000</float_array>
        <technique_common>
          <accessor source="#mixamorig_Hips-Matrix-animation-input-array" count="31">
            <param name="TIME" type="float"/>
          </accessor>
        </technique_common>
      </source>
      <source id="mixamorig_Hips-Matrix-animation-output-transform">
        <float_array id="mixamorig_Hips-Matrix-animation-output-transform-array" count="496">

0.691660 0.001944 -0.722221 0.165846 0.065284 0.995734 0.065203 10.750971 0.719267 -0.092248 0.688582 -0.171270 0.000000 0.000000 0.000000 1.000000
0.679479 0.007225 -0.733659 0.128762 0.071747 0.994505 0.076242 10.833190 0.730178 -0.104442 0.675227 -0.185459 0.000000 0.000000 0.000000 1.000000
0.657993 0.019647 -0.752768 0.092323 0.077723 0.992549 0.093843 10.927095 0.749003 -0.120255 0.651563 -0.211418 0.000000 0.000000 0.000000 1.000000
0.623012 0.053431 -0.780385 -0.035963 0.069497 0.989938 0.123261 11.046906 0.779119 -0.131027 0.613030 -0.372277 0.000000 0.000000 0.000000 1.000000
0.594523 0.098651 -0.798004 -0.348801 0.029161 0.989147 0.144006 11.254755 0.803549 -0.108886 0.585194 -0.656372 0.000000 0.000000 0.000000 1.000000
0.535032 0.153586 -0.830754 -0.545095 -0.056911 0.987655 0.145941 11.412722 0.842913 -0.030804 0.537168 -0.915959 0.000000 0.000000 0.000000 1.000000
0.434495 0.197712 -0.878706 -0.582334 -0.136774 0.978778 0.152598 11.399201 0.890229 0.053881 0.452316 -1.130818 0.000000 0.000000 0.000000 1.000000
0.357603 0.201166 -0.911950 -0.494690 -0.160218 0.975261 0.152306 11.305745 0.920027 0.091646 0.380987 -1.254280 0.000000 0.000000 0.000000 1.000000
0.332269 0.191923 -0.923451 -0.426751 -0.159664 0.976393 0.145477 11.264827 0.929572 0.099105 0.355069 -1.285383 0.000000 0.000000 0.000000 1.000000
0.334416 0.168346 -0.927268 -0.349456 -0.149989 0.980883 0.123986 11.252973 0.930414 0.097617 0.353273 -1.277300 0.000000 0.000000 0.000000 1.000000
0.366428 0.135827 -0.920479 -0.263703 -0.133550 0.986722 0.092437 11.268676 0.920812 0.089059 0.379702 -1.228410 0.000000 0.000000 0.000000 1.000000
0.399599 0.109612 -0.910113 -0.182744 -0.116910 0.990812 0.068000 11.288794 0.909205 0.079229 0.408742 -1.165172 0.000000 0.000000 0.000000 1.000000
0.434530 0.084061 -0.896726 -0.101393 -0.095107 0.994351 0.047126 11.309255 0.895622 0.064807 0.440070 -1.087917 0.000000 0.000000 0.000000 1.000000
0.468802 0.057554 -0.881426 -0.016801 -0.068493 0.997239 0.028687 11.328766 0.880644 0.046923 0.471449 -0.996289 0.000000 0.000000 0.000000 1.000000
0.500574 0.032726 -0.865075 0.067389 -0.040214 0.999085 0.014526 11.340961 0.864759 0.027517 0.501433 -0.894023 0.000000 0.000000 0.000000 1.000000
0.528615 0.011995 -0.848777 0.148691 -0.014129 0.999886 0.005332 11.340527 0.848744 0.009174 0.528724 -0.786429 0.000000 0.000000 0.000000 1.000000
0.552120 -0.004727 -0.833751 0.222886 0.010823 0.999940 0.001498 11.336198 0.833694 -0.009851 0.552138 -0.689776 0.000000 0.000000 0.000000 1.000000
0.571021 -0.021351 -0.820658 0.291304 0.035764 0.999360 -0.001115 11.332914 0.820156 -0.028714 0.571419 -0.607734 0.000000 0.000000 0.000000 1.000000
0.588182 -0.035396 -0.807954 0.348096 0.059400 0.998234 -0.000489 11.329202 0.806545 -0.047705 0.589245 -0.526700 0.000000 0.000000 0.000000 1.000000
0.603408 -0.042989 -0.796273 0.388734 0.077012 0.997020 0.004532 11.313109 0.793706 -0.064057 0.604920 -0.441135 0.000000 0.000000 0.000000 1.000000
0.614156 -0.044821 -0.787911 0.417342 0.089676 0.995883 0.013249 11.283216 0.784073 -0.078794 0.615646 -0.355929 0.000000 0.000000 0.000000 1.000000
0.622549 -0.043852 -0.781351 0.428661 0.097656 0.994978 0.021967 11.242014 0.776463 -0.089979 0.623705 -0.290313 0.000000 0.000000 0.000000 1.000000
0.631651 -0.040879 -0.774174 0.422984 0.100524 0.994497 0.029505 11.196268 0.768708 -0.096460 0.632285 -0.241323 0.000000 0.000000 0.000000 1.000000
0.641700 -0.034975 -0.766158 0.403457 0.099720 0.994285 0.038132 11.147327 0.760446 -0.100870 0.641520 -0.206645 0.000000 0.000000 0.000000 1.000000
0.651274 -0.027974 -0.758327 0.375689 0.096346 0.994281 0.046067 11.093693 0.752701 -0.103064 0.650245 -0.184078 0.000000 0.000000 0.000000 1.000000
0.659712 -0.020706 -0.751233 0.342991 0.090627 0.994517 0.052175 11.036153 0.746034 -0.102502 0.657972 -0.172216 0.000000 0.000000 0.000000 1.000000
0.667641 -0.013497 -0.744361 0.306441 0.084321 0.994773 0.057592 10.975451 0.739693 -0.101216 0.665289 -0.168733 0.000000 0.000000 0.000000 1.000000
0.674767 -0.006507 -0.738002 0.268689 0.078079 0.994979 0.062616 10.915433 0.733889 -0.099874 0.671887 -0.167471 0.000000 0.000000 0.000000 1.000000
0.680973 -0.001998 -0.732305 0.230575 0.072659 0.995246 0.064851 10.856236 0.728695 -0.097370 0.677881 -0.168305 0.000000 0.000000 0.000000 1.000000
0.686391 0.000285 -0.727233 0.195344 0.068573 0.995519 0.065112 10.799926 0.723993 -0.094560 0.683296 -0.172041 0.000000 0.000000 0.000000 1.000000
0.691660 0.001944 -0.722221 0.165846 0.065284 0.995734 0.065203 10.750972 0.719267 -0.092248 0.688582 -0.171270 0.000000 0.000000 0.000000 1.000000</float_array>
        <technique_common>
          <accessor source="#mixamorig_Hips-Matrix-animation-output-transform-array" count="31" stride="16">
            <param type="float4x4"/>
          </accessor>
        </technique_common>
      </source>
      <source id="mixamorig_Hips-Interpolations">
        <Name_array id="mixamorig_Hips-Interpolations-array" count="31">
 LINEAR LINEAR LINEAR LINEAR LINEAR LINEAR LINEAR LINEAR LINEAR LINEAR LINEAR
LINEAR LINEAR LINEAR LINEAR LINEAR LINEAR LINEAR LINEAR LINEAR LINEAR LINEAR LINEAR
LINEAR LINEAR LINEAR LINEAR LINEAR LINEAR LINEAR LINEAR</Name_array>
        <technique_common>
          <accessor source="#mixamorig_Hips-Interpolations-array" count="31">
            <param type="name"/>
          </accessor>
        </technique_common>
      </source>
      <sampler id="mixamorig_Hips-Matrix-animation-transform">
        <input semantic="INPUT" source="#mixamorig_Hips-Matrix-animation-input"/>
        <input semantic="OUTPUT" source="#mixamorig_Hips-Matrix-animation-output-transform"/>
        <input semantic="INTERPOLATION" source="#mixamorig_Hips-Interpolations"/>
      </sampler>
      <channel source="#mixamorig_Hips-Matrix-animation-transform" target="mixamorig_Hips/matrix"/>
    </animation>
    <animation id="mixamorig_Spine-anim" name="mixamorig_Spine">
      <source id="mixamorig_Spine-Matrix-animation-input">
        <float_array id="mixamorig_Spine-Matrix-animation-input-array" count="31">

0.000000 0.033333 0.066667 0.100000 0.133333 0.166667 0.200000 0.233333 0.266667 0.300000 0.333333 0.366667 0.400000 0.433333 0.466667 0.500000
0.533333 0.566667 0.600000 0.633333 0.666667 0.700000 0.733333 0.766667 0.800000 0.833333 0.866667 0.900000 0.933333 0.966667 1.000000</float_array>
        <technique_common>
          <accessor source="#mixamorig_Spine-Matrix-animation-input-array" count="31">
            <param name="TIME" type="float"/>
          </accessor>
        </technique_common>
      </source>
      <source id="mixamorig_Spine-Matrix-animation-output-transform">
        <float_array id="mixamorig_Spine-Matrix-animation-output-transform-array" count="496">

0.991712 0.027546 0.125490 0.000000 -0.008778 0.988991 -0.147714 1.253000 -0.128178 0.145388 0.981037 -0.019700 0.000000 0.000000 0.000000 1.000000
0.993327 0.031436 0.110964 0.000000 -0.015562 0.989871 -0.141117 1.253000 -0.114276 0.138449 0.983754 -0.019700 0.000000 0.000000 0.000000 1.000000
0.994217 0.045906 0.097079 0.000000 -0.032869 0.990723 -0.131864 1.253000 -0.102232 0.127910 0.986503 -0.019700 0.000000 0.000000 0.000000 1.000000
0.994041 0.073121 0.080849 0.000000 -0.063493 0.991237 -0.115838 1.253000 -0.088610 0.110014 0.989972 -0.019700 0.000000 0.000000 0.000000 1.000000
0.994457 0.097522 0.039313 0.000000 -0.093650 0.991477 -0.090567 1.253000 -0.047810 0.086383 0.995114 -0.019700 0.000000 0.000000 0.000000 1.000000
0.991762 0.128087 0.001618 0.000000 -0.127769 0.990044 -0.059062 1.253000 -0.009167 0.058368 0.998253 -0.019700 0.000000 0.000000 0.000000 1.000000
0.984660 0.174033 -0.012515 0.000000 -0.174320 0.984305 -0.027514 1.253000 0.007530 0.029274 0.999543 -0.019700 0.000000 0.000000 0.000000 1.000000
0.978180 0.206958 -0.018219 0.000000 -0.207214 0.978203 -0.013447 1.253000 0.015039 0.016929 0.999744 -0.019700 0.000000 0.000000 0.000000 1.000000
0.976160 0.216228 -0.018885 -0.000000 -0.216440 0.976245 -0.009981 1.253000 0.016278 0.013830 0.999772 -0.019700 0.000000 0.000000 0.000000 1.000000
0.978153 0.207538 -0.012048 0.000000 -0.207684 0.978117 -0.012416 1.253000 0.009207 0.014647 0.999850 -0.019700 0.000000 0.000000 0.000000 1.000000
0.980961 0.194200 -0.001380 0.000000 -0.194169 0.980618 -0.026212 1.253000 -0.003737 0.025980 0.999655 -0.019700 0.000000 0.000000 0.000000 1.000000
0.982838 0.184453 0.002578 -0.000000 -0.184104 0.981667 -0.049352 1.253000 -0.011634 0.048031 0.998778 -0.019700 0.000000 0.000000 0.000000 1.000000
0.984204 0.176989 0.004098 0.000000 -0.176172 0.981421 -0.076002 1.253000 -0.017474 0.074080 0.997099 -0.019700 0.000000 0.000000 0.000000 1.000000
0.985956 0.166640 0.011080 -0.000000 -0.164770 0.981425 -0.098270 1.253000 -0.027249 0.095064 0.995098 -0.019700 0.000000 0.000000 0.000000 1.000000
0.988454 0.150374 0.018586 0.000000 -0.147357 0.982598 -0.113076 1.253000 -0.035266 0.109032 0.993412 -0.019700 0.000000 0.000000 0.000000 1.000000
0.990852 0.133287 0.021115 0.000000 -0.129621 0.983540 -0.125883 1.253000 -0.037546 0.121994 0.991820 -0.019700 0.000000 0.000000 0.000000 1.000000
0.993027 0.115655 0.022818 0.000000 -0.111528 0.984417 -0.135961 1.253000 -0.038187 0.132468 0.990451 -0.019700 0.000000 0.000000 0.000000 1.000000
0.994846 0.098466 0.024190 0.000000 -0.094003 0.985113 -0.143931 1.253000 -0.038002 0.140915 0.989292 -0.019700 0.000000 0.000000 0.000000 1.000000
0.996288 0.082447 0.024760 -0.000000 -0.077854 0.985690 -0.149513 1.253000 -0.036733 0.147031 0.988450 -0.019700 0.000000 0.000000 0.000000 1.000000
0.997229 0.069475 0.026583 0.000000 -0.064628 0.986137 -0.152831 1.253000 -0.036832 0.150690 0.987895 -0.019700 0.000000 0.000000 0.000000 1.000000
0.997559 0.061446 0.033167 0.000000 -0.055487 0.985931 -0.157672 1.253000 -0.042389 0.155446 0.986934 -0.019700 0.000000 0.000000 0.000000 1.000000
0.997523 0.054791 0.044119 0.000000 -0.047014 0.985793 -0.161251 1.253000 -0.052327 0.158777 0.985927 -0.019700 0.000000 0.000000 0.000000 1.000000
0.997416 0.048079 0.053389 0.000000 -0.038956 0.986282 -0.160409 1.253000 -0.060369 0.157915 0.985606 -0.019700 0.000000 0.000000 0.000000 1.000000
0.997162 0.043407 0.061514 0.000000 -0.033164 0.986767 -0.158718 1.253000 -0.067589 0.156228 0.985406 -0.019700 0.000000 0.000000 0.000000 1.000000
0.996740 0.040965 0.069502 -0.000000 -0.029491 0.986881 -0.158731 1.253000 -0.075092 0.156164 0.984873 -0.019700 0.000000 0.000000 0.000000 1.000000
0.996194 0.039232 0.077839 0.000000 -0.026512 0.987053 -0.158185 1.253000 -0.083037 0.155519 0.984337 -0.019700 0.000000 0.000000 0.000000 1.000000
0.995463 0.037435 0.087480 0.000000 -0.023329 0.987319 -0.157028 1.253000 -0.092249 0.154274 0.983712 -0.019700 0.000000 0.000000 0.000000 1.000000
0.994744 0.035833 0.095919 0.000000 -0.020561 0.987588 -0.155716 1.253000 -0.100308 0.152925 0.983134 -0.019700 0.000000 0.000000 0.000000 1.000000
0.993920 0.032896 0.105073 0.000000 -0.016369 0.987867 -0.154437 1.253000 -0.108878 0.151778 0.982400 -0.019700 0.000000 0.000000 0.000000 1.000000
0.992831 0.030420 0.115590 0.000000 -0.012658 0.988392 -0.151395 1.253000 -0.118853 0.148847 0.981692 -0.019700 0.000000 0.000000 0.000000 1.000000
0.991712 0.027545 0.125490 -0.000000 -0.008778 0.988991 -0.147714 1.253000 -0.128178 0.145388 0.981037 -0.019700 0.000000 0.000000 0.000000 1.000000</float_array>
        <technique_common>
          <accessor source="#mixamorig_Spine-Matrix-animation-output-transform-array" count="31" stride="16">
            <param type="float4x4"/>
          </accessor>
        </technique_common>
      </source>
      <source id="mixamorig_Spine-Interpolations">
        <Name_array id="mixamorig_Spine-Interpolations-array" count="31">
 LINEAR LINEAR LINEAR LINEAR LINEAR LINEAR LINEAR LINEAR LINEAR LINEAR LINEAR
LINEAR LINEAR LINEAR LINEAR LINEAR LINEAR LINEAR LINEAR LINEAR LINEAR LINEAR LINEAR
LINEAR LINEAR LINEAR LINEAR LINEAR LINEAR LINEAR LINEAR</Name_array>
        <technique_common>
          <accessor source="#mixamorig_Spine-Interpolations-array" count="31">
            <param type="name"/>
          </accessor>
        </technique_common>
      </source>
      <sampler id="mixamorig_Spine-Matrix-animation-transform">
        <input semantic="INPUT" source="#mixamorig_Spine-Matrix-animation-input"/>
        <input semantic="OUTPUT" source="#mixamorig_Spine-Matrix-animation-output-transform"/>
        <input semantic="INTERPOLATION" source="#mixamorig_Spine-Interpolations"/>
      </sampler>
      <channel source="#mixamorig_Spine-Matrix-animation-transform" target="mixamorig_Spine/matrix"/>
    </animation>
    <animation id="mixamorig_Spine1-anim" name="mixamorig_Spine1">
      <source id="mixamorig_Spine1-Matrix-animation-input">
        <float_array id="mixamorig_Spine1-Matrix-animation-input-array" count="31">

0.000000 0.033333 0.066667 0.100000 0.133333 0.166667 0.200000 0.233333 0.266667 0.300000 0.333333 0.366667 0.400000 0.433333 0.466667 0.500000
0.533333 0.566667 0.600000 0.633333 0.666667 0.700000 0.733333 0.766667 0.800000 0.833333 0.866667 0.900000 0.933333 0.966667 1.000000</float_array>
        <technique_common>
          <accessor source="#mixamorig_Spine1-Matrix-animation-input-array" count="31">
            <param name="TIME" type="float"/>
          </accessor>
        </technique_common>
      </source>
      <source id="mixamorig_Spine1-Matrix-animation-output-transform">
        <float_array id="mixamorig_Spine1-Matrix-animation-output-transform-array" count="496">

0.999723 0.015704 0.017525 0.000000 -0.015026 0.999158 -0.038167 1.462000 -0.018110 0.037893 0.999118 0.000000 0.000000 0.000000 0.000000 1.000000
0.999427 0.027432 0.019810 -0.000000 -0.026061 0.997452 -0.066404 1.462000 -0.021581 0.065849 0.997596 -0.000000 0.000000 0.000000 0.000000 1.000000
0.998724 0.044537 0.023828 -0.000000 -0.042009 0.994325 -0.097740 1.462000 -0.028046 0.096614 0.994927 0.000000 0.000000 0.000000 0.000000 1.000000
0.997399 0.067000 0.026589 0.000000 -0.063088 0.989815 -0.127621 1.462000 -0.034869 0.125611 0.991467 0.000000 0.000000 0.000000 0.000000 1.000000
0.996064 0.087188 0.015968 0.000000 -0.083737 0.984667 -0.153035 1.462000 -0.029066 0.151096 0.988092 0.000000 0.000000 0.000000 0.000000 1.000000
0.994137 0.108017 0.004961 -0.000000 -0.105556 0.979389 -0.172204 1.462000 -0.023460 0.170671 0.985049 0.000000 0.000000 0.000000 0.000000 1.000000
0.991055 0.133446 0.001238 0.000000 -0.130935 0.974119 -0.184253 1.462000 -0.025793 0.182442 0.982878 0.000000 0.000000 0.000000 0.000000 1.000000
0.988562 0.150810 -0.000798 0.000000 -0.148112 0.969848 -0.193539 1.462000 -0.028414 0.191443 0.981092 0.000000 0.000000 0.000000 0.000000 1.000000
0.987840 0.155470 -0.001359 0.000000 -0.152739 0.968778 -0.195297 1.462000 -0.029046 0.193130 0.980743 0.000000 0.000000 0.000000 0.000000 1.000000
0.988140 0.153542 0.002225 -0.000000 -0.150134 0.969046 -0.195983 1.462000 -0.032248 0.193325 0.980605 0.000000 0.000000 0.000000 0.000000 1.000000
0.988715 0.149573 0.008395 -0.000000 -0.144842 0.968743 -0.201388 1.462000 -0.038254 0.197900 0.979476 0.000000 0.000000 0.000000 0.000000 1.000000
0.989171 0.146314 0.011531 0.000000 -0.140617 0.967293 -0.211120 1.462000 -0.042044 0.207213 0.977392 -0.000000 0.000000 0.000000 0.000000 1.000000
0.989505 0.143875 0.013433 0.000000 -0.137324 0.965220 -0.222469 1.462000 -0.044973 0.218289 0.974847 0.000000 0.000000 0.000000 0.000000 1.000000
0.989897 0.140658 0.017853 0.000000 -0.132752 0.963671 -0.231767 1.462000 -0.049804 0.227055 0.972608 0.000000 0.000000 0.000000 0.000000 1.000000
0.990585 0.135030 0.022544 0.000000 -0.125868 0.963098 -0.237908 1.462000 -0.053836 0.232830 0.971026 0.000000 0.000000 0.000000 0.000000 1.000000
0.991391 0.128560 0.024820 -0.000000 -0.118739 0.962640 -0.243361 1.462000 -0.055180 0.238319 0.969618 0.000000 0.000000 0.000000 0.000000 1.000000
0.992221 0.121603 0.026647 0.000000 -0.111300 0.962427 -0.247683 1.462000 -0.055765 0.242791 0.968475 0.000000 0.000000 0.000000 0.000000 1.000000
0.993020 0.114495 0.028331 0.000000 -0.103792 0.962355 -0.251196 1.462000 -0.056025 0.246502 0.967522 0.000000 0.000000 0.000000 0.000000 1.000000
0.993806 0.107225 0.029181 0.000000 -0.096478 0.962845 -0.252234 1.462000 -0.055142 0.247856 0.967226 0.000000 0.000000 0.000000 0.000000 1.000000
0.994543 0.100242 0.028900 -0.000000 -0.090032 0.964652 -0.247672 1.462000 -0.052706 0.243719 0.968413 0.000000 0.000000 0.000000 0.000000 1.000000
0.995140 0.093953 0.029499 -0.000000 -0.084217 0.967227 -0.239539 1.462000 -0.051037 0.235890 0.970439 -0.000000 0.000000 0.000000 0.000000 1.000000
0.995734 0.086830 0.031221 0.000000 -0.077521 0.970723 -0.227350 1.462000 -0.050048 0.223960 0.973312 0.000000 0.000000 0.000000 0.000000 1.000000
0.996418 0.078625 0.031123 -0.000000 -0.070376 0.975111 -0.210251 1.462000 -0.046879 0.207308 0.977152 0.000000 0.000000 0.000000 0.000000 1.000000
0.997077 0.070420 0.029646 0.000000 -0.063529 0.979654 -0.190372 1.462000 -0.042449 0.187932 0.981264 0.000000 0.000000 0.000000 0.000000 1.000000
0.997667 0.062460 0.027565 -0.000000 -0.056915 0.983888 -0.169485 1.462000 -0.037707 0.167521 0.985147 0.000000 0.000000 0.000000 0.000000 1.000000
0.998195 0.054491 0.025261 0.000000 -0.050199 0.987826 -0.147238 1.462000 -0.032977 0.145704 0.988778 -0.000000 0.000000 0.000000 0.000000 1.000000
0.998646 0.046469 0.023387 -0.000000 -0.043219 0.991314 -0.124214 1.462000 -0.028956 0.123035 0.991980 0.000000 0.000000 0.000000 0.000000 1.000000
0.999036 0.038562 0.020965 0.000000 -0.036250 0.994196 -0.101289 1.462000 -0.024750 0.100431 0.994636 0.000000 0.000000 0.000000 0.000000 1.000000
0.999357 0.030354 0.019060 0.000000 -0.028755 0.996442 -0.079226 1.462000 -0.021397 0.078627 0.996674 -0.000000 0.000000 0.000000 0.000000 1.000000
0.999576 0.022765 0.018179 0.000000 -0.021680 0.998092 -0.057808 1.462000 -0.019460 0.057389 0.998162 0.000000 0.000000 0.000000 0.000000 1.000000
0.999723 0.015704 0.017525 0.000000 -0.015026 0.999158 -0.038167 1.462000 -0.018110 0.037893 0.999118 0.000000 0.000000 0.000000 0.000000 1.000000</float_array>
        <technique_common>
          <accessor source="#mixamorig_Spine1-Matrix-animation-output-transform-array" count="31" stride="16">
            <param type="float4x4"/>
          </accessor>
        </technique_common>
      </source>
      <source id="mixamorig_Spine1-Interpolations">
        <Name_array id="mixamorig_Spine1-Interpolations-array" count="31">
 LINEAR LINEAR LINEAR LINEAR LINEAR LINEAR LINEAR LINEAR LINEAR LINEAR LINEAR
LINEAR LINEAR LINEAR LINEAR LINEAR LINEAR LINEAR LINEAR LINEAR LINEAR LINEAR LINEAR
LINEAR LINEAR LINEAR LINEAR LINEAR LINEAR LINEAR LINEAR</Name_array>
        <technique_common>
          <accessor source="#mixamorig_Spine1-Interpolations-array" count="31">
            <param type="name"/>
          </accessor>
        </technique_common>
      </source>
      <sampler id="mixamorig_Spine1-Matrix-animation-transform">
        <input semantic="INPUT" source="#mixamorig_Spine1-Matrix-animation-input"/>
        <input semantic="OUTPUT" source="#mixamorig_Spine1-Matrix-animation-output-transform"/>
        <input semantic="INTERPOLATION" source="#mixamorig_Spine1-Interpolations"/>
      </sampler>
      <channel source="#mixamorig_Spine1-Matrix-animation-transform" target="mixamorig_Spine1/matrix"/>
    </animation>
    <animation id="mixamorig_Spine2-anim" name="mixamorig_Spine2">
      <source id="mixamorig_Spine2-Matrix-animation-input">
        <float_array id="mixamorig_Spine2-Matrix-animation-input-array" count="31">

0.000000 0.033333 0.066667 0.100000 0.133333 0.166667 0.200000 0.233333 0.266667 0.300000 0.333333 0.366667 0.400000 0.433333 0.466667 0.500000
0.533333 0.566667 0.600000 0.633333 0.666667 0.700000 0.733333 0.766667 0.800000 0.833333 0.866667 0.900000 0.933333 0.966667 1.000000</float_array>
        <technique_common>
          <accessor source="#mixamorig_Spine2-Matrix-animation-input-array" count="31">
            <param name="TIME" type="float"/>
          </accessor>
        </technique_common>
      </source>
      <source id="mixamorig_Spine2-Matrix-animation-output-transform">
        <float_array id="mixamorig_Spine2-Matrix-animation-output-transform-array" count="496">

0.999731 0.015331 0.017395 0.000000 -0.014654 0.999154 -0.038431 1.670900 -0.017970 0.038166 0.999110 0.000000 0.000000 0.000000 0.000000 1.000000
0.999438 0.027119 0.019697 0.000000 -0.025753 0.997448 -0.066591 1.670900 -0.021453 0.066046 0.997586 0.000000 0.000000 0.000000 0.000000 1.000000
0.998737 0.044305 0.023700 0.000000 -0.041788 0.994324 -0.097849 1.670900 -0.027901 0.096735 0.994919 0.000000 0.000000 0.000000 0.000000 1.000000
0.997414 0.066835 0.026435 0.000000 -0.062943 0.989821 -0.127642 1.670900 -0.034697 0.125648 0.991468 0.000000 0.000000 0.000000 0.000000 1.000000
0.996085 0.086965 0.015879 0.000000 -0.083531 0.984692 -0.152985 1.670900 -0.028940 0.151060 0.988101 0.000000 0.000000 0.000000 0.000000 1.000000
0.994166 0.107742 0.004960 0.000000 -0.105287 0.979433 -0.172121 1.670900 -0.023402 0.170595 0.985063 0.000000 0.000000 0.000000 0.000000 1.000000
0.991091 0.133183 0.001295 0.000000 -0.130671 0.974184 -0.184094 1.670900 -0.025780 0.182284 0.982908 0.000000 0.000000 0.000000 0.000000 1.000000
0.988599 0.150570 -0.000704 -0.000000 -0.147864 0.969930 -0.193321 1.670900 -0.028426 0.191221 0.981135 0.000000 0.000000 0.000000 0.000000 1.000000
0.987876 0.155238 -0.001240 0.000000 -0.152495 0.968863 -0.195064 1.670900 -0.029080 0.192888 0.980790 -0.000000 0.000000 0.000000 0.000000 1.000000
0.988173 0.153328 0.002344 -0.000000 -0.149909 0.969131 -0.195734 1.670900 -0.032283 0.193068 0.980654 0.000000 0.000000 0.000000 0.000000 1.000000
0.988739 0.149409 0.008464 0.000000 -0.144678 0.968823 -0.201123 1.670900 -0.038250 0.197634 0.979529 0.000000 0.000000 0.000000 0.000000 1.000000
0.989186 0.146211 0.011544 0.000000 -0.140525 0.967362 -0.210866 1.670900 -0.041999 0.206964 0.977447 0.000000 0.000000 0.000000 0.000000 1.000000
0.989511 0.143837 0.013376 -0.000000 -0.137310 0.965277 -0.222228 1.670900 -0.044876 0.218061 0.974903 0.000000 0.000000 0.000000 0.000000 1.000000
0.989894 0.140699 0.017714 0.000000 -0.132835 0.963715 -0.231534 1.670900 -0.049648 0.226841 0.972665 -0.000000 0.000000 0.000000 0.000000 1.000000
0.990575 0.135133 0.022348 -0.000000 -0.126025 0.963127 -0.237704 1.670900 -0.053646 0.232648 0.971080 -0.000000 0.000000 0.000000 0.000000 1.000000
0.991380 0.128692 0.024594 0.000000 -0.118930 0.962657 -0.243203 1.670900 -0.054974 0.238182 0.969664 0.000000 0.000000 0.000000 0.000000 1.000000
0.992210 0.121746 0.026399 0.000000 -0.111505 0.962430 -0.247577 1.670900 -0.055549 0.242705 0.968508 0.000000 0.000000 0.000000 0.000000 1.000000
0.993013 0.114621 0.028044 0.000000 -0.103988 0.962344 -0.251157 1.670900 -0.055776 0.246486 0.967540 0.000000 0.000000 0.000000 0.000000 1.000000
0.993805 0.107321 0.028869 -0.000000 -0.096647 0.962824 -0.252249 1.670900 -0.054868 0.247896 0.967232 -0.000000 0.000000 0.000000 0.000000 1.000000
0.994543 0.100328 0.028627 -0.000000 -0.090181 0.964633 -0.247692 1.670900 -0.052465 0.243758 0.968416 0.000000 0.000000 0.000000 0.000000 1.000000
0.995139 0.094040 0.029229 0.000000 -0.084364 0.967208 -0.239564 1.670900 -0.050800 0.235933 0.970441 -0.000000 0.000000 0.000000 0.000000 1.000000
0.995736 0.086908 0.030920 0.000000 -0.077662 0.970700 -0.227401 1.670900 -0.049777 0.224030 0.973310 -0.000000 0.000000 0.000000 0.000000 1.000000
0.996424 0.078669 0.030831 0.000000 -0.070477 0.975090 -0.210316 1.670900 -0.046609 0.207391 0.977147 0.000000 0.000000 0.000000 0.000000 1.000000
0.997085 0.070418 0.029377 -0.000000 -0.063574 0.979637 -0.190446 1.670900 -0.042190 0.188023 0.981258 0.000000 0.000000 0.000000 0.000000 1.000000
0.997677 0.062408 0.027309 0.000000 -0.056903 0.983874 -0.169572 1.670900 -0.037452 0.167624 0.985139 0.000000 0.000000 0.000000 0.000000 1.000000
0.998206 0.054399 0.025028 0.000000 -0.050139 0.987814 -0.147341 1.670900 -0.032739 0.145822 0.988769 0.000000 0.000000 0.000000 0.000000 1.000000
0.998659 0.046305 0.023174 -0.000000 -0.043079 0.991304 -0.124339 1.670900 -0.028730 0.123173 0.991969 -0.000000 0.000000 0.000000 0.000000 1.000000
0.999049 0.038337 0.020782 0.000000 -0.036040 0.994189 -0.101440 1.670900 -0.024550 0.100594 0.994625 0.000000 0.000000 0.000000 0.000000 1.000000
0.999369 0.030072 0.018900 0.000000 -0.028482 0.996435 -0.079413 1.670900 -0.021221 0.078824 0.996663 0.000000 0.000000 0.000000 0.000000 1.000000
0.999586 0.022435 0.018033 -0.000000 -0.021354 0.998086 -0.058033 1.670900 -0.019300 0.057624 0.998152 0.000000 0.000000 0.000000 0.000000 1.000000
0.999731 0.015331 0.017395 0.000000 -0.014654 0.999154 -0.038431 1.670900 -0.017970 0.038166 0.999110 0.000000 0.000000 0.000000 0.000000 1.000000</float_array>
        <technique_common>
          <accessor source="#mixamorig_Spine2-Matrix-animation-output-transform-array" count="31" stride="16">
            <param type="float4x4"/>
          </accessor>
        </technique_common>
      </source>
      <source id="mixamorig_Spine2-Interpolations">
        <Name_array id="mixamorig_Spine2-Interpolations-array" count="31">
 LINEAR LINEAR LINEAR LINEAR LINEAR LINEAR LINEAR LINEAR LINEAR LINEAR LINEAR
LINEAR LINEAR LINEAR LINEAR LINEAR LINEAR LINEAR LINEAR LINEAR LINEAR LINEAR LINEAR
LINEAR LINEAR LINEAR LINEAR LINEAR LINEAR LINEAR LINEAR</Name_array>
        <technique_common>
          <accessor source="#mixamorig_Spine2-Interpolations-array" count="31">
            <param type="name"/>
          </accessor>
        </technique_common>
      </source>
      <sampler id="mixamorig_Spine2-Matrix-animation-transform">
        <input semantic="INPUT" source="#mixamorig_Spine2-Matrix-animation-input"/>
        <input semantic="OUTPUT" source="#mixamorig_Spine2-Matrix-animation-output-transform"/>
        <input semantic="INTERPOLATION" source="#mixamorig_Spine2-Interpolations"/>
      </sampler>
      <channel source="#mixamorig_Spine2-Matrix-animation-transform" target="mixamorig_Spine2/matrix"/>
    </animation>
    <animation id="mixamorig_Neck-anim" name="mixamorig_Neck">
      <source id="mixamorig_Neck-Matrix-animation-input">
        <float_array id="mixamorig_Neck-Matrix-animation-input-array" count="31">

0.000000 0.033333 0.066667 0.100000 0.133333 0.166667 0.200000 0.233333 0.266667 0.300000 0.333333 0.366667 0.400000 0.433333 0.466667 0.500000
0.533333 0.566667 0.600000 0.633333 0.666667 0.700000 0.733333 0.766667 0.800000 0.833333 0.866667 0.900000 0.933333 0.966667 1.000000</float_array>
        <technique_common>
          <accessor source="#mixamorig_Neck-Matrix-animation-input-array" count="31">
            <param name="TIME" type="float"/>
          </accessor>
        </technique_common>
      </source>
      <source id="mixamorig_Neck-Matrix-animation-output-transform">
        <float_array id="mixamorig_Neck-Matrix-animation-output-transform-array" count="496">

0.970444 -0.077035 0.228700 -0.000000 0.083043 0.996405 -0.016748 1.879800 -0.226588 0.035245 0.973353 0.000000 0.000000 0.000000 0.000000 1.000000
0.977594 -0.066900 0.199583 0.000000 0.073774 0.996904 -0.027193 1.879800 -0.197146 0.041308 0.979503 0.000000 0.000000 0.000000 0.000000 1.000000
0.985336 -0.053133 0.162140 0.000000 0.061263 0.997081 -0.045562 1.879800 -0.159246 0.054827 0.985715 0.000000 0.000000 0.000000 0.000000 1.000000
0.992201 -0.033672 0.120012 0.000000 0.043254 0.996003 -0.078153 1.879800 -0.116900 0.082734 0.989692 0.000000 0.000000 0.000000 0.000000 1.000000
0.996198 -0.001089 0.087109 0.000000 0.010370 0.994295 -0.106160 1.879800 -0.086496 0.106660 0.990526 0.000000 0.000000 0.000000 0.000000 1.000000
0.998300 0.021454 0.054184 -0.000000 -0.015302 0.993646 -0.111503 1.879800 -0.056232 0.110485 0.992286 -0.000000 0.000000 0.000000 0.000000 1.000000
0.999915 -0.004092 0.012403 0.000000 0.005403 0.994178 -0.107611 1.879800 -0.011890 0.107669 0.994116 0.000000 0.000000 0.000000 0.000000 1.000000
0.999223 -0.034479 -0.019101 0.000000 0.032573 0.995187 -0.092422 1.879800 0.022196 0.091728 0.995537 0.000000 0.000000 0.000000 0.000000 1.000000
0.998480 -0.043966 -0.033224 0.000000 0.041702 0.996947 -0.066013 1.879800 0.036025 0.064527 0.997266 0.000000 0.000000 0.000000 0.000000 1.000000
0.999051 -0.022142 -0.037502 0.000000 0.020603 0.998949 -0.040941 1.879800 0.038369 0.040129 0.998458 -0.000000 0.000000 0.000000 0.000000 1.000000
0.999310 0.012140 -0.035105 -0.000000 -0.013175 0.999482 -0.029377 1.879800 0.034731 0.029820 0.998952 0.000000 0.000000 0.000000 0.000000 1.000000
0.998717 0.038693 -0.032670 -0.000000 -0.039542 0.998886 -0.025744 1.879800 0.031638 0.027003 0.999135 -0.000000 0.000000 0.000000 0.000000 1.000000
0.997966 0.056091 -0.030277 0.000000 -0.056894 0.998033 -0.026326 1.879800 0.028741 0.027995 0.999195 0.000000 0.000000 0.000000 0.000000 1.000000
0.997579 0.062085 -0.031315 0.000000 -0.063039 0.997546 -0.030471 1.879800 0.029347 0.032371 0.999045 0.000000 0.000000 0.000000 0.000000 1.000000
0.997512 0.062771 -0.032098 -0.000000 -0.064183 0.996921 -0.045049 1.879800 0.029171 0.046997 0.998469 -0.000000 0.000000 0.000000 0.000000 1.000000
0.997779 0.059971 -0.028979 -0.000000 -0.061590 0.996377 -0.058646 1.879800 0.025357 0.060301 0.997858 0.000000 0.000000 0.000000 0.000000 1.000000
0.998254 0.053423 -0.025188 0.000000 -0.055145 0.995768 -0.073526 1.879800 0.021154 0.074786 0.996975 0.000000 0.000000 0.000000 0.000000 1.000000
0.998768 0.045062 -0.020795 0.000000 -0.046698 0.995164 -0.086417 1.879800 0.016800 0.087281 0.996042 -0.000000 0.000000 0.000000 0.000000 1.000000
0.999196 0.037571 -0.013987 0.000000 -0.038725 0.994792 -0.094279 1.879800 0.010372 0.094745 0.995448 0.000000 0.000000 0.000000 0.000000 1.000000
0.999512 0.031101 -0.002904 -0.000000 -0.031236 0.994718 -0.097776 1.879800 -0.000152 0.097819 0.995204 0.000000 0.000000 0.000000 0.000000 1.000000
0.999708 0.021848 0.010370 -0.000000 -0.020710 0.994833 -0.099386 1.879800 -0.012488 0.099143 0.994995 0.000000 0.000000 0.000000 0.000000 1.000000
0.999564 0.013431 0.026306 -0.000000 -0.010793 0.995130 -0.097975 1.879800 -0.027494 0.097648 0.994841 0.000000 0.000000 0.000000 0.000000 1.000000
0.998943 0.005890 0.045588 0.000000 -0.001521 0.995449 -0.095278 1.879800 -0.045941 0.095108 0.994406 0.000000 0.000000 0.000000 0.000000 1.000000
0.997716 -0.003009 0.067488 0.000000 0.009098 0.995891 -0.090097 1.879800 -0.066940 0.090505 0.993644 -0.000000 0.000000 0.000000 0.000000 1.000000
0.995754 -0.013877 0.091005 -0.000000 0.021361 0.996421 -0.081784 1.879800 -0.089544 0.083381 0.992486 0.000000 0.000000 0.000000 0.000000 1.000000
0.992996 -0.025933 0.115269 0.000000 0.034427 0.996787 -0.072322 1.879800 -0.113023 0.075784 0.990698 -0.000000 0.000000 0.000000 0.000000 1.000000
0.989412 -0.037462 0.140219 -0.000000 0.046466 0.997025 -0.061503 1.879800 -0.137498 0.067367 0.988208 -0.000000 0.000000 0.000000 0.000000 1.000000
0.985043 -0.048811 0.165249 0.000000 0.057833 0.997062 -0.050227 1.879800 -0.162312 0.059033 0.984972 -0.000000 0.000000 0.000000 0.000000 1.000000
0.980230 -0.057902 0.189198 0.000000 0.066493 0.997010 -0.039373 1.879800 -0.186353 0.051175 0.981149 -0.000000 0.000000 0.000000 0.000000 1.000000
0.975249 -0.068501 0.210231 0.000000 0.076041 0.996712 -0.027985 1.879800 -0.207623 0.043278 0.977251 -0.000000 0.000000 0.000000 0.000000 1.000000
0.970444 -0.077035 0.228700 -0.000000 0.083043 0.996405 -0.016748 1.879800 -0.226588 0.035245 0.973353 0.000000 0.000000 0.000000 0.000000 1.000000</float_array>
        <technique_common>
          <accessor source="#mixamorig_Neck-Matrix-animation-output-transform-array" count="31" stride="16">
            <param type="float4x4"/>
          </accessor>
        </technique_common>
      </source>
      <source id="mixamorig_Neck-Interpolations">
        <Name_array id="mixamorig_Neck-Interpolations-array" count="31">
 LINEAR LINEAR LINEAR LINEAR LINEAR LINEAR LINEAR LINEAR LINEAR LINEAR LINEAR
LINEAR LINEAR LINEAR LINEAR LINEAR LINEAR LINEAR LINEAR LINEAR LINEAR LINEAR LINEAR
LINEAR LINEAR LINEAR LINEAR LINEAR LINEAR LINEAR LINEAR</Name_array>
        <technique_common>
          <accessor source="#mixamorig_Neck-Interpolations-array" count="31">
            <param type="name"/>
          </accessor>
        </technique_common>
      </source>
      <sampler id="mixamorig_Neck-Matrix-animation-transform">
        <input semantic="INPUT" source="#mixamorig_Neck-Matrix-animation-input"/>
        <input semantic="OUTPUT" source="#mixamorig_Neck-Matrix-animation-output-transform"/>
        <input semantic="INTERPOLATION" source="#mixamorig_Neck-Interpolations"/>
      </sampler>
      <channel source="#mixamorig_Neck-Matrix-animation-transform" target="mixamorig_Neck/matrix"/>
    </animation>
    <animation id="mixamorig_Head-anim" name="mixamorig_Head">
      <source id="mixamorig_Head-Matrix-animation-input">
        <float_array id="mixamorig_Head-Matrix-animation-input-array" count="31">

0.000000 0.033333 0.066667 0.100000 0.133333 0.166667 0.200000 0.233333 0.266667 0.300000 0.333333 0.366667 0.400000 0.433333 0.466667 0.500000
0.533333 0.566667 0.600000 0.633333 0.666667 0.700000 0.733333 0.766667 0.800000 0.833333 0.866667 0.900000 0.933333 0.966667 1.000000</float_array>
        <technique_common>
          <accessor source="#mixamorig_Head-Matrix-animation-input-array" count="31">
            <param name="TIME" type="float"/>
          </accessor>
        </technique_common>
      </source>
      <source id="mixamorig_Head-Matrix-animation-output-transform">
        <float_array id="mixamorig_Head-Matrix-animation-output-transform-array" count="496">

0.936427 0.067621 0.344285 0.000000 -0.017903 0.989183 -0.145591 0.478200 -0.350406 0.130172 0.927508 0.155600 0.000000 0.000000 0.000000 1.000000
0.920729 0.065326 0.384696 -0.000000 -0.029247 0.994667 -0.098906 0.478200 -0.389106 0.079815 0.917729 0.155600 0.000000 0.000000 0.000000 1.000000
0.915265 0.024991 0.402077 0.000000 -0.014456 0.999469 -0.029215 0.478200 -0.402594 0.020927 0.915139 0.155600 0.000000 0.000000 0.000000 1.000000
0.924618 -0.074627 0.373514 -0.000000 0.059321 0.996867 0.052323 0.478200 -0.376248 -0.026222 0.926148 0.155600 0.000000 0.000000 0.000000 1.000000
0.927242 -0.217116 0.305096 0.000000 0.195083 0.975538 0.101329 0.478200 -0.319633 -0.034438 0.946915 0.155600 0.000000 0.000000 0.000000 1.000000
0.909805 -0.363219 0.200816 -0.000000 0.355516 0.931697 0.074494 0.478200 -0.214157 0.003618 0.976793 0.155600 0.000000 0.000000 0.000000 1.000000
0.896663 -0.419794 0.140603 0.000000 0.419078 0.907232 0.036119 0.478200 -0.142722 0.026537 0.989407 0.155600 0.000000 0.000000 0.000000 1.000000
0.909823 -0.395259 0.126459 0.000000 0.391849 0.918567 0.051857 0.478200 -0.136658 0.002372 0.990615 0.155600 0.000000 0.000000 0.000000 1.000000
0.946103 -0.294298 0.135193 0.000000 0.284715 0.954756 0.085903 0.478200 -0.154357 -0.042781 0.987088 0.155600 0.000000 0.000000 0.000000 1.000000
0.977755 -0.149255 0.147369 0.000000 0.125967 0.979628 0.156403 0.478200 -0.167710 -0.134360 0.976637 0.155600 0.000000 0.000000 0.000000 1.000000
0.982054 -0.018909 0.187651 -0.000000 -0.036404 0.957245 0.286978 0.478200 -0.185055 -0.288659 0.939378 0.155600 0.000000 0.000000 0.000000 1.000000
0.965935 0.078447 0.246608 0.000000 -0.177634 0.893981 0.411392 0.478200 -0.188191 -0.441184 0.877463 0.155600 0.000000 0.000000 0.000000 1.000000
0.945651 0.133127 0.296684 0.000000 -0.266609 0.839774 0.472969 0.478200 -0.186182 -0.526362 0.829626 0.155600 0.000000 0.000000 0.000000 1.000000
0.927731 0.180653 0.326619 0.000000 -0.325232 0.820615 0.469910 0.478200 -0.183138 -0.542177 0.820064 0.155600 0.000000 0.000000 0.000000 1.000000
0.912483 0.214839 0.348166 -0.000000 -0.358871 0.828941 0.429033 0.478200 -0.196436 -0.516432 0.833493 0.155600 0.000000 0.000000 0.000000 1.000000
0.902167 0.225557 0.367722 0.000000 -0.365198 0.853062 0.372714 0.478200 -0.229621 -0.470542 0.851977 0.155600 0.000000 0.000000 0.000000 1.000000
0.895637 0.219777 0.386694 0.000000 -0.354436 0.877902 0.321969 0.478200 -0.268718 -0.425426 0.864178 0.155600 0.000000 0.000000 0.000000 1.000000
0.892006 0.199772 0.405482 -0.000000 -0.331280 0.899225 0.285743 0.478200 -0.307536 -0.389212 0.868295 0.155600 0.000000 0.000000 0.000000 1.000000
0.888712 0.174788 0.423839 0.000000 -0.304167 0.916501 0.259824 0.478200 -0.343034 -0.359827 0.867671 0.155600 0.000000 0.000000 0.000000 1.000000
0.887986 0.149698 0.434824 0.000000 -0.273017 0.932480 0.236521 0.478200 -0.370058 -0.328742 0.868899 0.155600 0.000000 0.000000 0.000000 1.000000
0.889406 0.127154 0.439078 0.000000 -0.243211 0.944925 0.219010 0.478200 -0.387048 -0.301578 0.871347 0.155600 0.000000 0.000000 0.000000 1.000000
0.892159 0.113023 0.437354 0.000000 -0.216066 0.957026 0.193436 0.478200 -0.396696 -0.267073 0.878239 0.155600 0.000000 0.000000 0.000000 1.000000
0.895581 0.105438 0.432223 -0.000000 -0.189536 0.969361 0.156257 0.478200 -0.402505 -0.221863 0.888125 0.155600 0.000000 0.000000 0.000000 1.000000
0.899728 0.097650 0.425387 -0.000000 -0.163149 0.979242 0.120281 0.478200 -0.404812 -0.177622 0.896983 0.155600 0.000000 0.000000 0.000000 1.000000
0.905296 0.087894 0.415589 0.000000 -0.134689 0.987270 0.084599 0.478200 -0.402863 -0.132563 0.905610 0.155600 0.000000 0.000000 0.000000 1.000000
0.911191 0.080177 0.404106 0.000000 -0.107172 0.993240 0.044590 0.478200 -0.397799 -0.083939 0.913625 0.155600 0.000000 0.000000 0.000000 1.000000
0.917070 0.071994 0.392173 0.000000 -0.079384 0.996841 0.002638 0.478200 -0.390744 -0.033551 0.919888 0.155600 0.000000 0.000000 0.000000 1.000000
0.922067 0.064602 0.381601 -0.000000 -0.054364 0.997814 -0.037561 0.478200 -0.383194 0.013889 0.923564 0.155600 0.000000 0.000000 0.000000 1.000000
0.926256 0.064743 0.371293 0.000000 -0.039451 0.996379 -0.075323 0.478200 -0.374825 0.055120 0.925456 0.155600 0.000000 0.000000 0.000000 1.000000
0.930946 0.066664 0.359019 0.000000 -0.027505 0.993203 -0.113099 0.478200 -0.364118 0.095414 0.926452 0.155600 0.000000 0.000000 0.000000 1.000000
0.936427 0.067621 0.344285 -0.000000 -0.017903 0.989183 -0.145591 0.478200 -0.350405 0.130172 0.927508 0.155600 0.000000 0.000000 0.000000 1.000000</float_array>
        <technique_common>
          <accessor source="#mixamorig_Head-Matrix-animation-output-transform-array" count="31" stride="16">
            <param type="float4x4"/>
          </accessor>
        </technique_common>
      </source>
